0.269051 0.670003 0.156621 0.0361034 0.656301 0.689352 0.401013 0.858608 0.133244 0.591082 0.199896 0.443739 0.950011 0.871578 0.824549 0.197058 0.732231 
0.626911 0.567034 0.000427259 0.0593585 0.943358 0.194739 0.974395 0.80285 0.00802637 0.242134 0.726737 0.00485244 0.597217 0.172246 0.993866 0.579791 0.0970183 
0.938322 0.0807215 0.619037 0.714347 0.976928 0.00613422 0.580523 0.032899 0.164312 0.759026 0.144292 0.571551 0.766655 0.572619 0.0154424 0.500687 0.915769 
0.622333 0.455458 0.173193 0.641408 0.0535905 0.823237 0.625996 0.991638 0.74633 0.907437 0.708518 0.272042 0.721641 0.330729 0.994537 0.935667 0.597522 
0.807917 0.133274 0.154241 0.999756 0.538347 0.796533 0.602741 0.333842 0.514969 0.877194 0.487533 0.824824 0.0300302 0.096469 0.350352 0.230628 0.159795 
0.675558 0.678884 0.135746 0.508591 0.227485 0.854915 0.231178 0.994293 0.526658 0.471969 0.486831 0.955718 0.310892 0.553209 0.622852 0.36372 0.773553 
0.700888 0.786004 0.417127 0.900784 0.708823 0.837458 0.304422 0.311167 0.669027 0.158025 0.412915 0.75341 0.103519 0.377361 0.766411 0.918394 0.153111 
0.933042 0.972503 0.722007 0.35371 0.866146 0.461013 0.714988 0.0320444 0.759453 0.294778 0.775964 0.851741 0.224311 0.333659 0.743767 0.540788 0.842647 
0.0335398 0.145665 0.332347 0.970244 0.661367 0.67748 0.149266 0.30784 0.207312 0.591845 0.0641804 0.645802 0.775506 0.65096 0.0663167 0.688803 0.734672 
0.800134 0.666036 0.367199 0.409406 0.218055 0.368572 0.540696 0.594348 0.900662 0.548296 0.500839 0.671072 0.433821 0.754387 0.178686 0.610492 0.112491 
